0  0.580335  0.589908  0.591748  0.596078  2.438147
1  0.632512  0.646096  0.648212  0.654853  2.294755
2  0.653262  0.668097  0.670082  0.677054  2.252868
3  0.666145  0.681287  0.683121  0.689859  2.233172
4  0.671040  0.686865  0.688613  0.695358  2.223840
5  0.669283  0.686884  0.688622  0.695942  2.217634
6  0.670348  0.689219  0.690882  0.698459  2.210579
7  0.670650  0.690929  0.692541  0.700403  2.203838
8  0.667621  0.690218  0.691899  0.700431  2.196602
9  0.668045  0.692105  0.693771  0.702483  2.189520
10  0.664223  0.691117  0.692896  0.702365  2.180931
11  0.661167  0.690901  0.692699  0.702839  2.171793
12  0.653415  0.687941  0.689847  0.701423  2.159610
13  0.638634  0.680934  0.683176  0.697427  2.143514
14  0.628642  0.677945  0.680227  0.696453  2.126363
15  0.625580  0.679784  0.682030  0.698804  2.109424
16  0.615772  0.677915  0.680195  0.698736  2.089112
17  0.605131  0.676403  0.678561  0.698952  2.066121
18  0.589648  0.672698  0.675195  0.698081  2.039373
19  0.574119  0.670084  0.672737  0.697941  2.009968
20  0.563415  0.671079  0.673764  0.699743  1.979558
21  0.546281  0.669231  0.672166  0.700062  1.945739
22  0.538231  0.673113  0.675780  0.703010  1.912805
23  0.524981  0.674156  0.676876  0.704587  1.879106
24  0.506164  0.672788  0.675903  0.705087  1.843017
25  0.493708  0.675437  0.678081  0.707008  1.808239
26  0.480990  0.678013  0.680359  0.708804  1.773733
27  0.465604  0.678768  0.681716  0.709985  1.739748
28  0.452605  0.681006  0.683946  0.711469  1.707068
29  0.442361  0.684102  0.686939  0.713184  1.677219
30  0.431407  0.686634  0.689194  0.714584  1.648830
31  0.416576  0.687022  0.689488  0.715268  1.621134
32  0.409846  0.690826  0.693232  0.716913  1.596431
33  0.400466  0.692766  0.695130  0.717965  1.573656
34  0.395446  0.696104  0.698491  0.719344  1.553769
35  0.382369  0.695875  0.698230  0.719657  1.532637
36  0.376758  0.698515  0.700536  0.720678  1.515091
37  0.370808  0.700607  0.702299  0.721507  1.498936
38  0.365015  0.702205  0.703928  0.722213  1.484198
39  0.360698  0.704133  0.705851  0.722952  1.470931
40  0.354905  0.705128  0.706783  0.723435  1.458510
41  0.351319  0.706800  0.708415  0.724042  1.447454
42  0.346012  0.707533  0.709060  0.724406  1.436856
43  0.342367  0.708777  0.710307  0.724864  1.427151
44  0.339219  0.709966  0.711374  0.725282  1.418623
45  0.334746  0.710480  0.711811  0.725541  1.410182
46  0.331496  0.711301  0.712641  0.725855  1.402555
47  0.328385  0.712089  0.713357  0.726139  1.395411
48  0.325244  0.712654  0.713888  0.726373  1.388884
49  0.323145  0.713586  0.714753  0.726660  1.382867
50  0.320401  0.714140  0.715277  0.726866  1.377025
51  0.318714  0.715095  0.716070  0.727124  1.371749
52  0.316549  0.715625  0.716618  0.727312  1.366811
53  0.314342  0.716036  0.717031  0.727471  1.362218
54  0.312210  0.716461  0.717420  0.727621  1.357773
55  0.310939  0.717177  0.718061  0.727810  1.353774
56  0.309002  0.717503  0.718357  0.727931  1.349933
57  0.307771  0.718107  0.718856  0.728087  1.346404
58  0.306510  0.718564  0.719303  0.728221  1.343143
59  0.305311  0.719012  0.719732  0.728348  1.340021
60  0.304208  0.719455  0.720132  0.728467  1.337100
61  0.303413  0.719955  0.720571  0.728590  1.334484
62  0.302385  0.720295  0.720920  0.728689  1.331918
63  0.301510  0.720670  0.721286  0.728789  1.329499
64  0.300206  0.720844  0.721460  0.728856  1.327059
65  0.299362  0.721186  0.721736  0.728940  1.324881
66  0.298769  0.721570  0.722114  0.729032  1.322852
67  0.298043  0.721875  0.722402  0.729109  1.320892
68  0.296869  0.721959  0.722493  0.729154  1.318917
69  0.295851  0.722094  0.722617  0.729203  1.317045
70  0.295115  0.722340  0.722842  0.729265  1.315263
71  0.294261  0.722505  0.722984  0.729314  1.313559
72  0.293658  0.722752  0.723219  0.729374  1.311957
73  0.292954  0.722935  0.723374  0.729422  1.310427
74  0.292402  0.723148  0.723573  0.729473  1.309008
75  0.291969  0.723395  0.723803  0.729527  1.307662
76  0.291396  0.723559  0.723959  0.729570  1.306351
77  0.291218  0.723880  0.724253  0.729631  1.305168
78  0.290678  0.724035  0.724385  0.729669  1.303957
79  0.290275  0.724245  0.724554  0.729712  1.302807
80  0.289532  0.724293  0.724601  0.729736  1.301598
81  0.288959  0.724389  0.724689  0.729765  1.300498
82  0.288384  0.724487  0.724771  0.729792  1.299403
83  0.287973  0.724627  0.724909  0.729825  1.298397
84  0.287666  0.724809  0.725061  0.729861  1.297456
85  0.287560  0.725046  0.725286  0.729904  1.296612
86  0.287029  0.725109  0.725337  0.729924  1.295681
87  0.286786  0.725271  0.725494  0.729957  1.294856
88  0.286411  0.725366  0.725594  0.729981  1.294028
89  0.285866  0.725390  0.725614  0.729996  1.293184
90  0.285479  0.725472  0.725684  0.730017  1.292404
91  0.285177  0.725588  0.725796  0.730042  1.291633
92  0.284793  0.725653  0.725857  0.730060  1.290899
93  0.284564  0.725775  0.725969  0.730084  1.290223
94  0.284274  0.725863  0.726059  0.730104  1.289544
95  0.283940  0.725931  0.726121  0.730122  1.288876
96  0.283638  0.726004  0.726192  0.730139  1.288230
97  0.283445  0.726123  0.726302  0.730161  1.287617
98  0.283187  0.726200  0.726377  0.730179  1.287022
99  0.282910  0.726262  0.726436  0.730194  1.286449
100  0.282753  0.726374  0.726542  0.730214  1.285900
101  0.282581  0.726471  0.726636  0.730233  1.285373
102  0.282318  0.726531  0.726691  0.730247  1.284830
103  0.282089  0.726591  0.726758  0.730261  1.284315
104  0.281902  0.726666  0.726831  0.730277  1.283830
105  0.281665  0.726721  0.726879  0.730289  1.283341
106  0.281430  0.726771  0.726925  0.730301  1.282866
107  0.281205  0.726816  0.726975  0.730313  1.282406
108  0.281020  0.726882  0.727035  0.730326  1.281956
109  0.280816  0.726930  0.727083  0.730337  1.281525
110  0.280594  0.726973  0.727125  0.730348  1.281086
111  0.280392  0.727018  0.727166  0.730358  1.280673
112  0.280213  0.727072  0.727215  0.730369  1.280268
113  0.280045  0.727127  0.727268  0.730380  1.279870
114  0.279869  0.727173  0.727309  0.730390  1.279492
115  0.279759  0.727245  0.727379  0.730403  1.279127
116  0.279700  0.727339  0.727468  0.730417  1.278775
117  0.279562  0.727390  0.727518  0.730428  1.278430
118  0.279462  0.727455  0.727580  0.730439  1.278101
119  0.279294  0.727497  0.727612  0.730447  1.277755
120  0.279199  0.727558  0.727674  0.730458  1.277440
121  0.279071  0.727606  0.727718  0.730467  1.277123
122  0.278940  0.727651  0.727763  0.730476  1.276804
123  0.278820  0.727698  0.727807  0.730485  1.276503
124  0.278658  0.727723  0.727830  0.730491  1.276203
125  0.278556  0.727770  0.727878  0.730500  1.275919
126  0.278411  0.727798  0.727907  0.730507  1.275630
127  0.278266  0.727826  0.727934  0.730513  1.275345
128  0.278129  0.727852  0.727958  0.730519  1.275078
129  0.278024  0.727893  0.727997  0.730527  1.274813
130  0.277929  0.727936  0.728039  0.730535  1.274553
131  0.277799  0.727963  0.728064  0.730540  1.274294
132  0.277663  0.727981  0.728084  0.730546  1.274046
133  0.277588  0.728027  0.728128  0.730553  1.273809
134  0.277467  0.728055  0.728151  0.730559  1.273564
135  0.277382  0.728096  0.728188  0.730566  1.273328
136  0.277344  0.728152  0.728244  0.730574  1.273111
137  0.277278  0.728196  0.728284  0.730581  1.272894
138  0.277205  0.728235  0.728321  0.730588  1.272681
139  0.277098  0.728259  0.728345  0.730593  1.272459
140  0.276973  0.728273  0.728358  0.730597  1.272244
141  0.276875  0.728299  0.728383  0.730602  1.272032
142  0.276772  0.728318  0.728402  0.730607  1.271829
143  0.276695  0.728348  0.728434  0.730612  1.271631
144  0.276632  0.728382  0.728472  0.730618  1.271437
145  0.276601  0.728430  0.728519  0.730625  1.271254
146  0.276535  0.728464  0.728548  0.730631  1.271069
147  0.276473  0.728497  0.728578  0.730636  1.270889
148  0.276430  0.728536  0.728615  0.730642  1.270718
149  0.276346  0.728556  0.728636  0.730646  1.270539
150  0.276275  0.728582  0.728662  0.730651  1.270365
151  0.276191  0.728599  0.728680  0.730655  1.270193
152  0.276115  0.728620  0.728702  0.730659  1.270025
153  0.276052  0.728646  0.728726  0.730663  1.269864
154  0.275982  0.728668  0.728746  0.730667  1.269703
155  0.275912  0.728691  0.728766  0.730671  1.269541
156  0.275865  0.728720  0.728794  0.730676  1.269392
157  0.275823  0.728751  0.728823  0.730681  1.269245
158  0.275745  0.728769  0.728838  0.730684  1.269089
159  0.275670  0.728784  0.728853  0.730687  1.268939
160  0.275601  0.728802  0.728869  0.730691  1.268793
161  0.275557  0.728829  0.728894  0.730695  1.268655
162  0.275513  0.728855  0.728919  0.730699  1.268518
163  0.275437  0.728867  0.728931  0.730702  1.268377
164  0.275384  0.728888  0.728951  0.730706  1.268242
165  0.275307  0.728900  0.728960  0.730708  1.268103
166  0.275252  0.728918  0.728979  0.730712  1.267973
167  0.275205  0.728939  0.728999  0.730715  1.267847
168  0.275165  0.728962  0.729021  0.730719  1.267726
169  0.275105  0.728977  0.729035  0.730722  1.267599
170  0.275030  0.728985  0.729042  0.730724  1.267471
171  0.274980  0.729004  0.729058  0.730727  1.267348
172  0.274924  0.729020  0.729072  0.730730  1.267227
173  0.274890  0.729043  0.729094  0.730733  1.267113
174  0.274820  0.729051  0.729102  0.730735  1.266993
175  0.274779  0.729072  0.729120  0.730738  1.266879
176  0.274748  0.729096  0.729141  0.730742  1.266770
177  0.274693  0.729108  0.729153  0.730744  1.266656
178  0.274654  0.729127  0.729171  0.730747  1.266548
179  0.274617  0.729147  0.729189  0.730750  1.266441
180  0.274572  0.729162  0.729203  0.730753  1.266336
181  0.274520  0.729173  0.729215  0.730755  1.266230
182  0.274485  0.729189  0.729231  0.730758  1.266133
183  0.274424  0.729197  0.729238  0.730760  1.266027
184  0.274387  0.729214  0.729254  0.730763  1.265926
185  0.274345  0.729227  0.729268  0.730765  1.265828
186  0.274302  0.729240  0.729281  0.730767  1.265732
187  0.274263  0.729254  0.729295  0.730770  1.265636
188  0.274238  0.729273  0.729313  0.730772  1.265547
189  0.274196  0.729286  0.729324  0.730775  1.265452
190  0.274151  0.729296  0.729335  0.730777  1.265359
191  0.274113  0.729309  0.729347  0.730779  1.265269
192  0.274088  0.729328  0.729363  0.730782  1.265183
193  0.274044  0.729338  0.729372  0.730783  1.265093
194  0.273994  0.729346  0.729379  0.730785  1.265003
195  0.273955  0.729357  0.729390  0.730787  1.264916
196  0.273932  0.729374  0.729406  0.730790  1.264835
197  0.273886  0.729382  0.729413  0.730791  1.264749
198  0.273848  0.729393  0.729423  0.730793  1.264666
199  0.273815  0.729406  0.729434  0.730795  1.264584
200  0.273787  0.729420  0.729448  0.730797  1.264503
201  0.273750  0.729429  0.729458  0.730799  1.264424
202  0.273721  0.729441  0.729470  0.730801  1.264347
203  0.273679  0.729448  0.729477  0.730803  1.264269
204  0.273657  0.729463  0.729492  0.730805  1.264195
205  0.273628  0.729476  0.729504  0.730807  1.264120
206  0.273595  0.729486  0.729513  0.730809  1.264046
207  0.273569  0.729499  0.729525  0.730810  1.263973
208  0.273532  0.729507  0.729531  0.730812  1.263900
209  0.273506  0.729519  0.729542  0.730814  1.263830
210  0.273480  0.729529  0.729553  0.730816  1.263763
211  0.273447  0.729537  0.729562  0.730817  1.263693
212  0.273424  0.729549  0.729574  0.730819  1.263625
213  0.273399  0.729559  0.729585  0.730821  1.263559
214  0.273362  0.729565  0.729591  0.730822  1.263490
215  0.273341  0.729577  0.729602  0.730824  1.263426
216  0.273307  0.729585  0.729608  0.730825  1.263360
217  0.273285  0.729596  0.729619  0.730827  1.263297
218  0.273256  0.729604  0.729627  0.730828  1.263233
219  0.273219  0.729610  0.729632  0.730829  1.263166
220  0.273201  0.729622  0.729645  0.730831  1.263105
221  0.273183  0.729634  0.729656  0.730833  1.263045
222  0.273150  0.729639  0.729663  0.730834  1.262983
223  0.273130  0.729650  0.729674  0.730836  1.262922
224  0.273106  0.729660  0.729682  0.730837  1.262863
225  0.273077  0.729667  0.729689  0.730839  1.262802
226  0.273058  0.729677  0.729700  0.730840  1.262745
227  0.273030  0.729683  0.729706  0.730841  1.262686
228  0.273007  0.729692  0.729714  0.730843  1.262630
229  0.272978  0.729698  0.729721  0.730844  1.262572
230  0.272961  0.729709  0.729731  0.730846  1.262517
231  0.272937  0.729717  0.729738  0.730847  1.262462
232  0.272910  0.729723  0.729744  0.730848  1.262406
233  0.272881  0.729728  0.729749  0.730849  1.262351
234  0.272857  0.729735  0.729757  0.730850  1.262296
235  0.272834  0.729743  0.729764  0.730851  1.262242
236  0.272817  0.729753  0.729773  0.730853  1.262191
237  0.272801  0.729762  0.729783  0.730854  1.262140
238  0.272775  0.729769  0.729789  0.730855  1.262087
239  0.272756  0.729776  0.729797  0.730857  1.262036
240  0.272737  0.729785  0.729805  0.730858  1.261986
241  0.272717  0.729792  0.729813  0.730859  1.261936
242  0.272699  0.729800  0.729821  0.730860  1.261888
243  0.272681  0.729808  0.729830  0.730862  1.261839
244  0.272659  0.729814  0.729835  0.730863  1.261791
245  0.272646  0.729824  0.729845  0.730864  1.261745
246  0.272622  0.729829  0.729850  0.730865  1.261697
247  0.272597  0.729833  0.729854  0.730866  1.261649
248  0.272575  0.729839  0.729859  0.730867  1.261603
249  0.272554  0.729846  0.729865  0.730868  1.261556
250  0.272545  0.729855  0.729875  0.730869  1.261515
251  0.272519  0.729860  0.729879  0.730870  1.261468
252  0.272501  0.729866  0.729885  0.730871  1.261423
253  0.272479  0.729871  0.729890  0.730872  1.261379
254  0.272456  0.729875  0.729894  0.730873  1.261335
255  0.272444  0.729884  0.729903  0.730874  1.261293
256  0.272423  0.729889  0.729907  0.730875  1.261249
257  0.272402  0.729893  0.729912  0.730876  1.261205
258  0.272384  0.729900  0.729919  0.730877  1.261163
259  0.272376  0.729909  0.729928  0.730878  1.261123
260  0.272357  0.729915  0.729933  0.730879  1.261082
261  0.272337  0.729919  0.729938  0.730880  1.261040
262  0.272322  0.729926  0.729945  0.730881  1.261001
263  0.272309  0.729933  0.729952  0.730882  1.260960
264  0.272292  0.729939  0.729957  0.730883  1.260921
265  0.272279  0.729946  0.729964  0.730884  1.260883
266  0.272263  0.729951  0.729970  0.730885  1.260845
267  0.272242  0.729955  0.729973  0.730886  1.260806
268  0.272223  0.729959  0.729977  0.730886  1.260767
269  0.272207  0.729965  0.729982  0.730887  1.260730
270  0.272190  0.729969  0.729987  0.730888  1.260692
271  0.272178  0.729976  0.729994  0.730889  1.260655
272  0.272162  0.729981  0.729999  0.730890  1.260619
273  0.272148  0.729987  0.730005  0.730891  1.260582
274  0.272128  0.729990  0.730008  0.730891  1.260544
275  0.272103  0.729992  0.730009  0.730892  1.260505
276  0.272081  0.729994  0.730012  0.730893  1.260469
277  0.272069  0.730000  0.730017  0.730893  1.260435
278  0.272054  0.730004  0.730022  0.730894  1.260401
279  0.272037  0.730009  0.730025  0.730895  1.260366
280  0.272019  0.730012  0.730029  0.730896  1.260330
281  0.272002  0.730016  0.730032  0.730896  1.260296
282  0.271987  0.730021  0.730037  0.730897  1.260262
283  0.271972  0.730025  0.730042  0.730898  1.260228
284  0.271958  0.730030  0.730046  0.730899  1.260195
285  0.271947  0.730036  0.730052  0.730899  1.260163
286  0.271932  0.730039  0.730056  0.730900  1.260131
287  0.271920  0.730045  0.730061  0.730901  1.260099
288  0.271906  0.730049  0.730064  0.730902  1.260067
289  0.271891  0.730053  0.730068  0.730902  1.260036
290  0.271880  0.730058  0.730074  0.730903  1.260004
291  0.271868  0.730063  0.730079  0.730904  1.259974
292  0.271858  0.730069  0.730084  0.730905  1.259944
293  0.271841  0.730071  0.730087  0.730905  1.259912
294  0.271830  0.730076  0.730092  0.730906  1.259882
295  0.271816  0.730080  0.730095  0.730906  1.259852
296  0.271810  0.730087  0.730102  0.730907  1.259824
297  0.271793  0.730090  0.730105  0.730908  1.259793
298  0.271783  0.730095  0.730110  0.730909  1.259764
299  0.271770  0.730099  0.730113  0.730909  1.259735
300  0.271760  0.730104  0.730118  0.730910  1.259707
301  0.271751  0.730109  0.730124  0.730911  1.259678
302  0.271741  0.730114  0.730128  0.730911  1.259651
303  0.271730  0.730118  0.730133  0.730912  1.259623
304  0.271720  0.730123  0.730137  0.730913  1.259596
305  0.271709  0.730127  0.730141  0.730913  1.259568
306  0.271700  0.730132  0.730146  0.730914  1.259542
307  0.271686  0.730135  0.730149  0.730915  1.259515
308  0.271676  0.730139  0.730153  0.730915  1.259489
309  0.271663  0.730142  0.730156  0.730916  1.259462
310  0.271649  0.730145  0.730159  0.730916  1.259435
311  0.271642  0.730150  0.730164  0.730917  1.259410
312  0.271628  0.730153  0.730167  0.730918  1.259383
313  0.271618  0.730157  0.730170  0.730918  1.259357
314  0.271609  0.730162  0.730175  0.730919  1.259331
315  0.271596  0.730164  0.730178  0.730919  1.259305
316  0.271582  0.730166  0.730180  0.730920  1.259279
317  0.271573  0.730171  0.730184  0.730920  1.259253
318  0.271561  0.730174  0.730187  0.730921  1.259228
319  0.271550  0.730178  0.730190  0.730922  1.259204
320  0.271540  0.730181  0.730194  0.730922  1.259179
321  0.271530  0.730184  0.730197  0.730923  1.259155
322  0.271522  0.730189  0.730202  0.730923  1.259131
323  0.271513  0.730193  0.730205  0.730924  1.259108
324  0.271503  0.730196  0.730208  0.730924  1.259084
325  0.271497  0.730201  0.730213  0.730925  1.259062
326  0.271485  0.730203  0.730216  0.730926  1.259038
327  0.271476  0.730207  0.730219  0.730926  1.259015
328  0.271468  0.730211  0.730224  0.730927  1.258992
329  0.271461  0.730215  0.730228  0.730927  1.258970
330  0.271451  0.730218  0.730231  0.730928  1.258948
331  0.271438  0.730220  0.730233  0.730928  1.258924
332  0.271428  0.730223  0.730236  0.730929  1.258901
333  0.271418  0.730226  0.730239  0.730929  1.258879
334  0.271407  0.730229  0.730241  0.730930  1.258856
335  0.271397  0.730232  0.730244  0.730930  1.258833
336  0.271387  0.730235  0.730247  0.730931  1.258812
337  0.271380  0.730239  0.730251  0.730931  1.258791
338  0.271370  0.730241  0.730253  0.730932  1.258769
339  0.271365  0.730246  0.730258  0.730932  1.258749
340  0.271358  0.730250  0.730261  0.730933  1.258728
341  0.271351  0.730254  0.730265  0.730933  1.258708
342  0.271340  0.730256  0.730267  0.730934  1.258685
343  0.271328  0.730258  0.730269  0.730934  1.258664
344  0.271317  0.730260  0.730271  0.730934  1.258642
345  0.271308  0.730263  0.730274  0.730935  1.258621
346  0.271301  0.730267  0.730277  0.730935  1.258602
347  0.271296  0.730271  0.730281  0.730936  1.258582
348  0.271286  0.730273  0.730283  0.730936  1.258562
349  0.271280  0.730277  0.730287  0.730937  1.258542
350  0.271272  0.730280  0.730290  0.730937  1.258523
351  0.271259  0.730281  0.730291  0.730938  1.258502
352  0.271250  0.730284  0.730293  0.730938  1.258482
353  0.271240  0.730286  0.730296  0.730938  1.258462
354  0.271230  0.730288  0.730298  0.730939  1.258442
355  0.271223  0.730291  0.730301  0.730939  1.258424
356  0.271215  0.730294  0.730303  0.730940  1.258405
357  0.271205  0.730296  0.730305  0.730940  1.258385
358  0.271196  0.730298  0.730307  0.730940  1.258366
359  0.271188  0.730301  0.730310  0.730941  1.258347
360  0.271180  0.730303  0.730313  0.730941  1.258329
361  0.271171  0.730305  0.730315  0.730942  1.258310
362  0.271164  0.730308  0.730317  0.730942  1.258292
363  0.271158  0.730312  0.730321  0.730942  1.258274
364  0.271151  0.730314  0.730324  0.730943  1.258256
365  0.271141  0.730316  0.730326  0.730943  1.258238
366  0.271134  0.730319  0.730328  0.730944  1.258220
367  0.271125  0.730321  0.730330  0.730944  1.258202
368  0.271116  0.730322  0.730332  0.730944  1.258184
369  0.271107  0.730324  0.730334  0.730945  1.258166
370  0.271099  0.730326  0.730336  0.730945  1.258149
371  0.271091  0.730329  0.730338  0.730945  1.258132
372  0.271079  0.730329  0.730339  0.730946  1.258113
373  0.271071  0.730331  0.730341  0.730946  1.258096
374  0.271063  0.730333  0.730343  0.730946  1.258079
375  0.271055  0.730336  0.730345  0.730947  1.258062
376  0.271046  0.730337  0.730346  0.730947  1.258044
377  0.271040  0.730340  0.730349  0.730947  1.258028
378  0.271035  0.730343  0.730352  0.730948  1.258012
379  0.271029  0.730346  0.730355  0.730948  1.257996
380  0.271025  0.730349  0.730358  0.730949  1.257980
381  0.271014  0.730351  0.730359  0.730949  1.257963
382  0.271010  0.730354  0.730362  0.730949  1.257947
383  0.271003  0.730356  0.730365  0.730950  1.257931
384  0.270997  0.730358  0.730367  0.730950  1.257915
385  0.270991  0.730361  0.730370  0.730950  1.257900
386  0.270982  0.730362  0.730371  0.730951  1.257883
387  0.270977  0.730365  0.730374  0.730951  1.257868
388  0.270969  0.730367  0.730375  0.730951  1.257852
389  0.270960  0.730368  0.730377  0.730952  1.257836
390  0.270952  0.730369  0.730378  0.730952  1.257821
391  0.270945  0.730372  0.730380  0.730952  1.257805
392  0.270940  0.730374  0.730383  0.730953  1.257791
393  0.270932  0.730376  0.730384  0.730953  1.257775
394  0.270923  0.730377  0.730386  0.730953  1.257760
395  0.270918  0.730379  0.730388  0.730954  1.257745
396  0.270910  0.730381  0.730389  0.730954  1.257730
397  0.270904  0.730383  0.730391  0.730954  1.257715
398  0.270900  0.730386  0.730395  0.730955  1.257701
399  0.270896  0.730389  0.730397  0.730955  1.257687
400  0.270891  0.730392  0.730400  0.730955  1.257673
401  0.270884  0.730393  0.730401  0.730956  1.257657
402  0.270876  0.730395  0.730403  0.730956  1.257643
403  0.270868  0.730396  0.730404  0.730956  1.257628
404  0.270862  0.730398  0.730406  0.730956  1.257614
405  0.270856  0.730400  0.730408  0.730957  1.257600
406  0.270851  0.730402  0.730411  0.730957  1.257586
407  0.270846  0.730405  0.730413  0.730957  1.257572
408  0.270842  0.730408  0.730416  0.730958  1.257559
409  0.270837  0.730410  0.730418  0.730958  1.257545
410  0.270834  0.730413  0.730421  0.730959  1.257532
411  0.270828  0.730415  0.730423  0.730959  1.257518
412  0.270823  0.730417  0.730425  0.730959  1.257505
413  0.270816  0.730418  0.730427  0.730959  1.257491
414  0.270810  0.730420  0.730428  0.730960  1.257478
415  0.270805  0.730422  0.730430  0.730960  1.257465
416  0.270800  0.730424  0.730432  0.730960  1.257452
417  0.270795  0.730426  0.730434  0.730961  1.257438
418  0.270790  0.730428  0.730436  0.730961  1.257426
419  0.270786  0.730431  0.730439  0.730961  1.257413
420  0.270780  0.730433  0.730441  0.730961  1.257400
421  0.270773  0.730434  0.730442  0.730962  1.257387
422  0.270768  0.730436  0.730444  0.730962  1.257374
423  0.270763  0.730438  0.730446  0.730962  1.257362
424  0.270759  0.730440  0.730448  0.730963  1.257349
425  0.270754  0.730442  0.730450  0.730963  1.257337
426  0.270749  0.730444  0.730452  0.730963  1.257324
427  0.270741  0.730445  0.730452  0.730963  1.257311
428  0.270737  0.730447  0.730455  0.730964  1.257299
429  0.270731  0.730449  0.730456  0.730964  1.257287
430  0.270728  0.730451  0.730458  0.730964  1.257276
431  0.270723  0.730453  0.730460  0.730965  1.257263
432  0.270716  0.730454  0.730461  0.730965  1.257251
433  0.270711  0.730456  0.730463  0.730965  1.257239
434  0.270705  0.730457  0.730464  0.730965  1.257227
435  0.270701  0.730459  0.730466  0.730966  1.257215
436  0.270695  0.730460  0.730467  0.730966  1.257203
437  0.270690  0.730462  0.730469  0.730966  1.257191
438  0.270687  0.730465  0.730471  0.730966  1.257180
439  0.270682  0.730467  0.730473  0.730967  1.257168
440  0.270678  0.730469  0.730475  0.730967  1.257157
441  0.270674  0.730471  0.730477  0.730967  1.257145
442  0.270669  0.730472  0.730478  0.730967  1.257134
443  0.270663  0.730473  0.730479  0.730968  1.257122
444  0.270659  0.730475  0.730481  0.730968  1.257111
445  0.270652  0.730476  0.730482  0.730968  1.257100
446  0.270648  0.730478  0.730484  0.730968  1.257088
447  0.270644  0.730480  0.730486  0.730969  1.257077
448  0.270639  0.730481  0.730487  0.730969  1.257066
449  0.270635  0.730483  0.730489  0.730969  1.257055
450  0.270632  0.730485  0.730491  0.730969  1.257045
451  0.270627  0.730487  0.730492  0.730970  1.257034
452  0.270622  0.730488  0.730494  0.730970  1.257023
453  0.270617  0.730490  0.730495  0.730970  1.257012
454  0.270613  0.730491  0.730497  0.730970  1.257002
455  0.270609  0.730493  0.730498  0.730971  1.256991
456  0.270603  0.730494  0.730499  0.730971  1.256980
457  0.270599  0.730496  0.730501  0.730971  1.256969
458  0.270595  0.730497  0.730503  0.730971  1.256959
459  0.270590  0.730499  0.730504  0.730971  1.256948
460  0.270584  0.730500  0.730505  0.730972  1.256938
461  0.270580  0.730501  0.730506  0.730972  1.256927
462  0.270576  0.730503  0.730508  0.730972  1.256917
463  0.270572  0.730505  0.730510  0.730972  1.256907
464  0.270568  0.730506  0.730511  0.730973  1.256897
465  0.270563  0.730507  0.730512  0.730973  1.256887
466  0.270559  0.730509  0.730514  0.730973  1.256877
467  0.270556  0.730511  0.730516  0.730973  1.256867
468  0.270551  0.730512  0.730517  0.730973  1.256857
469  0.270549  0.730514  0.730519  0.730974  1.256847
470  0.270543  0.730515  0.730520  0.730974  1.256837
471  0.270539  0.730517  0.730521  0.730974  1.256827
472  0.270536  0.730518  0.730523  0.730974  1.256818
473  0.270531  0.730519  0.730524  0.730975  1.256808
474  0.270528  0.730521  0.730526  0.730975  1.256799
475  0.270524  0.730522  0.730527  0.730975  1.256789
476  0.270519  0.730523  0.730528  0.730975  1.256779
477  0.270516  0.730525  0.730530  0.730975  1.256770
478  0.270512  0.730526  0.730531  0.730976  1.256761
479  0.270508  0.730528  0.730532  0.730976  1.256751
480  0.270504  0.730529  0.730534  0.730976  1.256742
481  0.270499  0.730530  0.730534  0.730976  1.256732
482  0.270496  0.730532  0.730536  0.730976  1.256723
483  0.270493  0.730534  0.730538  0.730977  1.256714
484  0.270488  0.730534  0.730539  0.730977  1.256705
485  0.270484  0.730536  0.730540  0.730977  1.256696
486  0.270481  0.730537  0.730542  0.730977  1.256687
487  0.270478  0.730539  0.730543  0.730977  1.256678
488  0.270474  0.730540  0.730545  0.730978  1.256669
489  0.270470  0.730541  0.730546  0.730978  1.256659
490  0.270466  0.730542  0.730547  0.730978  1.256651
491  0.270462  0.730544  0.730548  0.730978  1.256642
492  0.270459  0.730545  0.730550  0.730978  1.256633
493  0.270455  0.730547  0.730551  0.730979  1.256624
494  0.270451  0.730548  0.730552  0.730979  1.256615
495  0.270446  0.730548  0.730553  0.730979  1.256606
496  0.270443  0.730550  0.730554  0.730979  1.256597
497  0.270439  0.730551  0.730556  0.730979  1.256589
498  0.270436  0.730553  0.730557  0.730980  1.256580
499  0.270433  0.730554  0.730558  0.730980  1.256571
500  0.270429  0.730555  0.730560  0.730980  1.256563
501  0.270426  0.730557  0.730561  0.730980  1.256554
502  0.270423  0.730558  0.730562  0.730980  1.256546
503  0.270420  0.730560  0.730564  0.730981  1.256537
504  0.270416  0.730561  0.730565  0.730981  1.256529
505  0.270413  0.730562  0.730567  0.730981  1.256521
506  0.270410  0.730563  0.730568  0.730981  1.256512
507  0.270407  0.730565  0.730569  0.730981  1.256504
508  0.270403  0.730566  0.730570  0.730982  1.256496
509  0.270400  0.730567  0.730571  0.730982  1.256488
510  0.270395  0.730568  0.730572  0.730982  1.256479
511  0.270392  0.730569  0.730573  0.730982  1.256471
512  0.270390  0.730571  0.730575  0.730982  1.256464
513  0.270386  0.730572  0.730576  0.730982  1.256455
514  0.270382  0.730573  0.730577  0.730983  1.256447
515  0.270379  0.730574  0.730578  0.730983  1.256439
516  0.270374  0.730574  0.730579  0.730983  1.256431
517  0.270372  0.730576  0.730580  0.730983  1.256424
518  0.270368  0.730577  0.730581  0.730983  1.256416
519  0.270365  0.730578  0.730582  0.730983  1.256408
520  0.270361  0.730579  0.730583  0.730984  1.256399
521  0.270359  0.730581  0.730585  0.730984  1.256392
522  0.270356  0.730582  0.730586  0.730984  1.256384
523  0.270353  0.730583  0.730587  0.730984  1.256377
524  0.270349  0.730584  0.730588  0.730984  1.256369
525  0.270347  0.730585  0.730590  0.730985  1.256361
526  0.270344  0.730587  0.730591  0.730985  1.256354
527  0.270341  0.730588  0.730592  0.730985  1.256346
528  0.270338  0.730589  0.730593  0.730985  1.256339
529  0.270334  0.730590  0.730594  0.730985  1.256331
530  0.270331  0.730591  0.730595  0.730985  1.256324
531  0.270327  0.730592  0.730596  0.730985  1.256316
532  0.270324  0.730593  0.730597  0.730986  1.256309
533  0.270321  0.730594  0.730598  0.730986  1.256302
534  0.270319  0.730595  0.730599  0.730986  1.256294
535  0.270316  0.730596  0.730601  0.730986  1.256287
536  0.270312  0.730597  0.730601  0.730986  1.256279
537  0.270307  0.730597  0.730602  0.730986  1.256271
538  0.270303  0.730598  0.730602  0.730987  1.256264
539  0.270300  0.730599  0.730603  0.730987  1.256257
540  0.270297  0.730600  0.730604  0.730987  1.256250
541  0.270294  0.730601  0.730605  0.730987  1.256243
542  0.270290  0.730602  0.730606  0.730987  1.256236
543  0.270286  0.730602  0.730607  0.730987  1.256228
544  0.270283  0.730603  0.730608  0.730987  1.256221
545  0.270280  0.730604  0.730608  0.730988  1.256214
546  0.270277  0.730605  0.730609  0.730988  1.256207
547  0.270274  0.730607  0.730611  0.730988  1.256200
548  0.270271  0.730607  0.730611  0.730988  1.256193
549  0.270269  0.730608  0.730612  0.730988  1.256187
550  0.270265  0.730609  0.730613  0.730988  1.256180
551  0.270262  0.730610  0.730614  0.730988  1.256173
552  0.270260  0.730611  0.730615  0.730989  1.256166
553  0.270257  0.730612  0.730616  0.730989  1.256159
554  0.270255  0.730613  0.730617  0.730989  1.256153
555  0.270251  0.730614  0.730618  0.730989  1.256146
556  0.270249  0.730615  0.730619  0.730989  1.256139
557  0.270246  0.730616  0.730620  0.730989  1.256133
558  0.270244  0.730618  0.730621  0.730990  1.256126
559  0.270240  0.730618  0.730622  0.730990  1.256119
560  0.270238  0.730619  0.730623  0.730990  1.256113
561  0.270235  0.730620  0.730624  0.730990  1.256106
562  0.270233  0.730621  0.730625  0.730990  1.256100
563  0.270231  0.730622  0.730626  0.730990  1.256094
564  0.270228  0.730623  0.730627  0.730990  1.256087
565  0.270226  0.730624  0.730628  0.730991  1.256081
566  0.270224  0.730626  0.730629  0.730991  1.256075
567  0.270221  0.730626  0.730630  0.730991  1.256068
568  0.270219  0.730628  0.730631  0.730991  1.256062
569  0.270216  0.730628  0.730632  0.730991  1.256056
570  0.270214  0.730629  0.730633  0.730991  1.256050
571  0.270210  0.730630  0.730634  0.730991  1.256044
572  0.270207  0.730631  0.730635  0.730992  1.256037
573  0.270205  0.730632  0.730636  0.730992  1.256031
574  0.270203  0.730633  0.730636  0.730992  1.256025
575  0.270200  0.730634  0.730637  0.730992  1.256019
576  0.270198  0.730635  0.730638  0.730992  1.256013
577  0.270195  0.730635  0.730639  0.730992  1.256006
578  0.270191  0.730636  0.730640  0.730992  1.256000
579  0.270189  0.730637  0.730641  0.730992  1.255994
580  0.270186  0.730638  0.730641  0.730993  1.255988
581  0.270183  0.730639  0.730642  0.730993  1.255982
582  0.270181  0.730639  0.730643  0.730993  1.255976
583  0.270178  0.730640  0.730644  0.730993  1.255970
584  0.270176  0.730641  0.730645  0.730993  1.255964
585  0.270174  0.730642  0.730646  0.730993  1.255958
586  0.270172  0.730643  0.730647  0.730993  1.255952
587  0.270170  0.730644  0.730648  0.730994  1.255947
588  0.270167  0.730645  0.730649  0.730994  1.255941
589  0.270165  0.730646  0.730649  0.730994  1.255935
590  0.270163  0.730647  0.730650  0.730994  1.255929
591  0.270161  0.730648  0.730652  0.730994  1.255924
592  0.270159  0.730649  0.730653  0.730994  1.255918
593  0.270156  0.730649  0.730653  0.730994  1.255912
594  0.270153  0.730650  0.730653  0.730994  1.255906
595  0.270151  0.730651  0.730654  0.730995  1.255901
596  0.270148  0.730652  0.730655  0.730995  1.255895
597  0.270145  0.730652  0.730656  0.730995  1.255889
598  0.270143  0.730653  0.730657  0.730995  1.255883
599  0.270140  0.730654  0.730657  0.730995  1.255878
600  0.270138  0.730655  0.730658  0.730995  1.255872
601  0.270137  0.730656  0.730659  0.730995  1.255867
602  0.270135  0.730657  0.730660  0.730995  1.255862
603  0.270134  0.730658  0.730661  0.730996  1.255856
604  0.270131  0.730659  0.730662  0.730996  1.255850
605  0.270127  0.730659  0.730662  0.730996  1.255845
606  0.270124  0.730660  0.730663  0.730996  1.255839
607  0.270122  0.730661  0.730664  0.730996  1.255833
608  0.270120  0.730662  0.730665  0.730996  1.255828
609  0.270119  0.730663  0.730666  0.730996  1.255823
610  0.270116  0.730663  0.730666  0.730996  1.255817
611  0.270115  0.730664  0.730667  0.730997  1.255812
612  0.270113  0.730665  0.730668  0.730997  1.255807
613  0.270110  0.730666  0.730669  0.730997  1.255801
614  0.270107  0.730666  0.730669  0.730997  1.255796
615  0.270104  0.730667  0.730670  0.730997  1.255791
616  0.270102  0.730668  0.730671  0.730997  1.255785
617  0.270099  0.730668  0.730671  0.730997  1.255780
618  0.270097  0.730669  0.730672  0.730997  1.255775
619  0.270095  0.730670  0.730673  0.730997  1.255769
620  0.270092  0.730670  0.730673  0.730997  1.255764
621  0.270090  0.730671  0.730674  0.730998  1.255759
622  0.270087  0.730672  0.730675  0.730998  1.255754
623  0.270085  0.730672  0.730675  0.730998  1.255748
624  0.270083  0.730673  0.730676  0.730998  1.255743
625  0.270081  0.730674  0.730677  0.730998  1.255738
626  0.270079  0.730675  0.730678  0.730998  1.255733
627  0.270076  0.730675  0.730678  0.730998  1.255728
628  0.270074  0.730676  0.730679  0.730998  1.255723
629  0.270072  0.730677  0.730680  0.730998  1.255718
630  0.270069  0.730677  0.730680  0.730999  1.255713
631  0.270067  0.730678  0.730681  0.730999  1.255708
632  0.270064  0.730678  0.730681  0.730999  1.255703
633  0.270062  0.730679  0.730682  0.730999  1.255698
634  0.270059  0.730679  0.730682  0.730999  1.255693
635  0.270057  0.730680  0.730683  0.730999  1.255687
636  0.270054  0.730680  0.730683  0.730999  1.255683
637  0.270052  0.730681  0.730684  0.730999  1.255677
638  0.270049  0.730681  0.730684  0.730999  1.255672
639  0.270047  0.730682  0.730685  0.730999  1.255668
640  0.270046  0.730683  0.730686  0.731000  1.255663
641  0.270044  0.730684  0.730687  0.731000  1.255658
642  0.270042  0.730685  0.730688  0.731000  1.255653
643  0.270040  0.730685  0.730688  0.731000  1.255649
644  0.270038  0.730686  0.730689  0.731000  1.255644
645  0.270036  0.730687  0.730690  0.731000  1.255639
646  0.270034  0.730687  0.730690  0.731000  1.255634
647  0.270033  0.730688  0.730691  0.731000  1.255630
648  0.270030  0.730689  0.730692  0.731000  1.255625
649  0.270028  0.730689  0.730692  0.731000  1.255620
650  0.270026  0.730690  0.730693  0.731001  1.255615
651  0.270023  0.730690  0.730693  0.731001  1.255610
652  0.270020  0.730691  0.730694  0.731001  1.255606
653  0.270018  0.730691  0.730694  0.731001  1.255601
654  0.270017  0.730692  0.730695  0.731001  1.255597
655  0.270014  0.730693  0.730696  0.731001  1.255592
656  0.270012  0.730693  0.730696  0.731001  1.255587
657  0.270010  0.730694  0.730697  0.731001  1.255583
658  0.270008  0.730694  0.730697  0.731001  1.255578
659  0.270006  0.730695  0.730698  0.731001  1.255573
660  0.270004  0.730696  0.730699  0.731002  1.255569
661  0.270003  0.730697  0.730699  0.731002  1.255565
662  0.270001  0.730697  0.730700  0.731002  1.255560
663  0.269999  0.730698  0.730701  0.731002  1.255556
664  0.269997  0.730698  0.730701  0.731002  1.255551
665  0.269994  0.730699  0.730702  0.731002  1.255546
666  0.269992  0.730699  0.730702  0.731002  1.255542
667  0.269990  0.730700  0.730703  0.731002  1.255537
668  0.269989  0.730700  0.730703  0.731002  1.255533
669  0.269987  0.730701  0.730704  0.731002  1.255529
670  0.269986  0.730702  0.730705  0.731002  1.255525
671  0.269984  0.730703  0.730706  0.731003  1.255520
672  0.269983  0.730704  0.730707  0.731003  1.255516
673  0.269981  0.730704  0.730707  0.731003  1.255512
674  0.269980  0.730705  0.730708  0.731003  1.255507
675  0.269977  0.730706  0.730708  0.731003  1.255503
676  0.269976  0.730706  0.730709  0.731003  1.255499
677  0.269974  0.730707  0.730710  0.731003  1.255494
678  0.269972  0.730707  0.730710  0.731003  1.255490
679  0.269970  0.730708  0.730711  0.731003  1.255486
680  0.269969  0.730709  0.730712  0.731003  1.255482
681  0.269968  0.730710  0.730713  0.731004  1.255478
682  0.269966  0.730710  0.730713  0.731004  1.255473
683  0.269964  0.730711  0.730714  0.731004  1.255469
684  0.269962  0.730711  0.730714  0.731004  1.255465
685  0.269960  0.730712  0.730715  0.731004  1.255461
686  0.269959  0.730713  0.730715  0.731004  1.255457
687  0.269957  0.730713  0.730716  0.731004  1.255453
688  0.269955  0.730714  0.730717  0.731004  1.255448
689  0.269953  0.730714  0.730717  0.731004  1.255444
690  0.269951  0.730715  0.730718  0.731004  1.255440
691  0.269950  0.730715  0.730718  0.731004  1.255436
692  0.269948  0.730716  0.730719  0.731005  1.255432
693  0.269946  0.730717  0.730719  0.731005  1.255428
694  0.269944  0.730717  0.730720  0.731005  1.255424
695  0.269943  0.730718  0.730720  0.731005  1.255420
696  0.269941  0.730718  0.730721  0.731005  1.255416
697  0.269939  0.730719  0.730721  0.731005  1.255412
698  0.269937  0.730719  0.730722  0.731005  1.255408
699  0.269936  0.730720  0.730722  0.731005  1.255404
700  0.269934  0.730721  0.730723  0.731005  1.255400
701  0.269933  0.730721  0.730724  0.731005  1.255396
702  0.269931  0.730722  0.730724  0.731005  1.255392
703  0.269930  0.730723  0.730725  0.731006  1.255388
704  0.269928  0.730723  0.730726  0.731006  1.255384
705  0.269926  0.730724  0.730726  0.731006  1.255380
706  0.269925  0.730724  0.730727  0.731006  1.255377
707  0.269922  0.730725  0.730727  0.731006  1.255372
708  0.269921  0.730725  0.730727  0.731006  1.255369
709  0.269920  0.730726  0.730728  0.731006  1.255365
710  0.269918  0.730726  0.730729  0.731006  1.255361
711  0.269916  0.730727  0.730729  0.731006  1.255357
712  0.269915  0.730728  0.730730  0.731006  1.255354
713  0.269914  0.730728  0.730731  0.731006  1.255350
714  0.269912  0.730729  0.730731  0.731006  1.255346
715  0.269910  0.730729  0.730732  0.731007  1.255342
716  0.269909  0.730730  0.730732  0.731007  1.255338
717  0.269907  0.730730  0.730733  0.731007  1.255335
718  0.269905  0.730731  0.730733  0.731007  1.255331
719  0.269904  0.730732  0.730734  0.731007  1.255327
720  0.269902  0.730732  0.730734  0.731007  1.255323
721  0.269901  0.730733  0.730735  0.731007  1.255320
722  0.269899  0.730733  0.730735  0.731007  1.255316
723  0.269897  0.730733  0.730735  0.731007  1.255312
724  0.269896  0.730734  0.730736  0.731007  1.255308
725  0.269895  0.730735  0.730737  0.731007  1.255305
726  0.269893  0.730735  0.730737  0.731007  1.255301
727  0.269891  0.730736  0.730738  0.731007  1.255298
728  0.269890  0.730736  0.730738  0.731008  1.255294
729  0.269888  0.730737  0.730739  0.731008  1.255290
730  0.269887  0.730737  0.730739  0.731008  1.255287
731  0.269886  0.730738  0.730740  0.731008  1.255283
732  0.269884  0.730738  0.730740  0.731008  1.255280
733  0.269882  0.730739  0.730741  0.731008  1.255276
734  0.269881  0.730739  0.730741  0.731008  1.255273
735  0.269880  0.730740  0.730742  0.731008  1.255269
736  0.269878  0.730741  0.730742  0.731008  1.255266
737  0.269877  0.730741  0.730743  0.731008  1.255262
738  0.269875  0.730741  0.730743  0.731008  1.255259
739  0.269874  0.730742  0.730744  0.731008  1.255255
740  0.269872  0.730742  0.730744  0.731008  1.255252
741  0.269871  0.730743  0.730745  0.731009  1.255248
742  0.269869  0.730743  0.730745  0.731009  1.255245
743  0.269868  0.730744  0.730746  0.731009  1.255241
744  0.269867  0.730744  0.730746  0.731009  1.255238
745  0.269866  0.730745  0.730747  0.731009  1.255235
746  0.269864  0.730745  0.730747  0.731009  1.255231
747  0.269862  0.730746  0.730748  0.731009  1.255228
748  0.269861  0.730747  0.730749  0.731009  1.255224
749  0.269860  0.730747  0.730749  0.731009  1.255221
750  0.269858  0.730748  0.730749  0.731009  1.255218
751  0.269857  0.730748  0.730750  0.731009  1.255214
752  0.269855  0.730749  0.730750  0.731009  1.255211
753  0.269854  0.730749  0.730751  0.731009  1.255207
754  0.269853  0.730750  0.730752  0.731010  1.255204
755  0.269851  0.730750  0.730752  0.731010  1.255201
756  0.269850  0.730751  0.730752  0.731010  1.255198
757  0.269848  0.730751  0.730753  0.731010  1.255194
758  0.269847  0.730751  0.730753  0.731010  1.255191
759  0.269845  0.730752  0.730754  0.731010  1.255187
760  0.269844  0.730752  0.730754  0.731010  1.255184
761  0.269843  0.730753  0.730755  0.731010  1.255181
762  0.269842  0.730753  0.730755  0.731010  1.255177
763  0.269840  0.730754  0.730756  0.731010  1.255174
764  0.269839  0.730754  0.730756  0.731010  1.255171
765  0.269838  0.730755  0.730757  0.731010  1.255168
766  0.269836  0.730755  0.730757  0.731010  1.255165
767  0.269835  0.730756  0.730758  0.731011  1.255161
768  0.269834  0.730757  0.730758  0.731011  1.255158
769  0.269833  0.730757  0.730759  0.731011  1.255155
770  0.269832  0.730758  0.730759  0.731011  1.255152
771  0.269830  0.730758  0.730760  0.731011  1.255149
772  0.269829  0.730758  0.730760  0.731011  1.255145
773  0.269827  0.730759  0.730761  0.731011  1.255142
774  0.269826  0.730759  0.730761  0.731011  1.255139
775  0.269825  0.730760  0.730762  0.731011  1.255136
776  0.269823  0.730760  0.730762  0.731011  1.255133
777  0.269822  0.730761  0.730762  0.731011  1.255130
778  0.269820  0.730761  0.730763  0.731011  1.255127
779  0.269819  0.730761  0.730763  0.731011  1.255124
780  0.269818  0.730762  0.730764  0.731011  1.255120
781  0.269817  0.730762  0.730764  0.731011  1.255117
782  0.269815  0.730763  0.730765  0.731012  1.255114
783  0.269814  0.730763  0.730765  0.731012  1.255111
784  0.269813  0.730764  0.730766  0.731012  1.255108
785  0.269812  0.730764  0.730766  0.731012  1.255105
786  0.269811  0.730765  0.730767  0.731012  1.255102
787  0.269810  0.730765  0.730767  0.731012  1.255099
788  0.269808  0.730766  0.730768  0.731012  1.255096
789  0.269807  0.730766  0.730768  0.731012  1.255093
790  0.269806  0.730767  0.730769  0.731012  1.255090
791  0.269805  0.730767  0.730769  0.731012  1.255087
792  0.269803  0.730767  0.730769  0.731012  1.255084
793  0.269802  0.730768  0.730770  0.731012  1.255081
794  0.269801  0.730768  0.730770  0.731012  1.255078
795  0.269800  0.730769  0.730771  0.731012  1.255075
796  0.269798  0.730769  0.730771  0.731012  1.255072
797  0.269797  0.730770  0.730772  0.731013  1.255069
798  0.269796  0.730770  0.730772  0.731013  1.255066
799  0.269794  0.730770  0.730772  0.731013  1.255063
800  0.269792  0.730770  0.730772  0.731013  1.255060
801  0.269791  0.730771  0.730773  0.731013  1.255057
802  0.269790  0.730771  0.730773  0.731013  1.255054
803  0.269788  0.730772  0.730773  0.731013  1.255051
804  0.269787  0.730772  0.730774  0.731013  1.255048
805  0.269785  0.730772  0.730774  0.731013  1.255045
806  0.269784  0.730773  0.730774  0.731013  1.255042
807  0.269783  0.730773  0.730775  0.731013  1.255039
808  0.269781  0.730773  0.730775  0.731013  1.255036
809  0.269780  0.730774  0.730776  0.731013  1.255034
810  0.269779  0.730774  0.730776  0.731013  1.255031
811  0.269778  0.730775  0.730776  0.731013  1.255028
812  0.269777  0.730775  0.730777  0.731013  1.255025
813  0.269776  0.730775  0.730777  0.731013  1.255022
814  0.269774  0.730776  0.730778  0.731014  1.255020
815  0.269773  0.730776  0.730778  0.731014  1.255017
816  0.269772  0.730777  0.730778  0.731014  1.255014
817  0.269771  0.730777  0.730779  0.731014  1.255011
818  0.269770  0.730777  0.730779  0.731014  1.255008
819  0.269769  0.730778  0.730780  0.731014  1.255006
820  0.269768  0.730778  0.730780  0.731014  1.255003
821  0.269766  0.730779  0.730780  0.731014  1.255000
822  0.269765  0.730779  0.730781  0.731014  1.254997
823  0.269764  0.730780  0.730781  0.731014  1.254995
824  0.269763  0.730780  0.730782  0.731014  1.254992
825  0.269762  0.730780  0.730782  0.731014  1.254989
826  0.269761  0.730781  0.730783  0.731014  1.254987
827  0.269760  0.730781  0.730783  0.731014  1.254984
828  0.269759  0.730782  0.730784  0.731014  1.254981
829  0.269758  0.730782  0.730784  0.731014  1.254979
830  0.269757  0.730783  0.730784  0.731015  1.254976
831  0.269756  0.730783  0.730785  0.731015  1.254973
832  0.269755  0.730783  0.730785  0.731015  1.254971
833  0.269754  0.730784  0.730785  0.731015  1.254968
834  0.269752  0.730784  0.730786  0.731015  1.254966
835  0.269751  0.730784  0.730786  0.731015  1.254963
836  0.269750  0.730785  0.730787  0.731015  1.254960
837  0.269749  0.730785  0.730787  0.731015  1.254958
838  0.269748  0.730786  0.730787  0.731015  1.254955
839  0.269747  0.730786  0.730788  0.731015  1.254952
840  0.269745  0.730786  0.730788  0.731015  1.254950
841  0.269745  0.730787  0.730788  0.731015  1.254947
842  0.269743  0.730787  0.730789  0.731015  1.254944
843  0.269742  0.730787  0.730789  0.731015  1.254942
844  0.269741  0.730788  0.730789  0.731015  1.254939
845  0.269740  0.730788  0.730790  0.731015  1.254937
846  0.269739  0.730789  0.730790  0.731015  1.254934
847  0.269738  0.730789  0.730791  0.731016  1.254932
848  0.269737  0.730789  0.730791  0.731016  1.254929
849  0.269736  0.730790  0.730792  0.731016  1.254927
850  0.269735  0.730790  0.730792  0.731016  1.254924
851  0.269734  0.730791  0.730792  0.731016  1.254922
852  0.269733  0.730791  0.730793  0.731016  1.254919
853  0.269733  0.730791  0.730793  0.731016  1.254917
854  0.269732  0.730792  0.730794  0.731016  1.254914
855  0.269730  0.730792  0.730794  0.731016  1.254912
856  0.269729  0.730792  0.730794  0.731016  1.254909
857  0.269728  0.730793  0.730794  0.731016  1.254906
858  0.269727  0.730793  0.730795  0.731016  1.254904
859  0.269726  0.730793  0.730795  0.731016  1.254901
860  0.269725  0.730794  0.730795  0.731016  1.254899
861  0.269724  0.730794  0.730796  0.731016  1.254896
862  0.269723  0.730794  0.730796  0.731016  1.254894
863  0.269722  0.730795  0.730797  0.731016  1.254892
864  0.269721  0.730795  0.730797  0.731016  1.254889
865  0.269720  0.730796  0.730797  0.731017  1.254887
866  0.269719  0.730796  0.730798  0.731017  1.254884
867  0.269718  0.730796  0.730798  0.731017  1.254882
868  0.269717  0.730797  0.730798  0.731017  1.254879
869  0.269716  0.730797  0.730799  0.731017  1.254877
870  0.269715  0.730798  0.730799  0.731017  1.254874
871  0.269714  0.730798  0.730799  0.731017  1.254872
872  0.269713  0.730798  0.730800  0.731017  1.254870
873  0.269712  0.730799  0.730800  0.731017  1.254867
874  0.269711  0.730799  0.730801  0.731017  1.254865
875  0.269710  0.730799  0.730801  0.731017  1.254862
876  0.269709  0.730800  0.730801  0.731017  1.254860
877  0.269708  0.730800  0.730801  0.731017  1.254858
878  0.269706  0.730800  0.730802  0.731017  1.254855
879  0.269705  0.730800  0.730802  0.731017  1.254853
880  0.269704  0.730801  0.730802  0.731017  1.254850
881  0.269703  0.730801  0.730803  0.731017  1.254848
882  0.269702  0.730801  0.730803  0.731017  1.254846
883  0.269701  0.730802  0.730803  0.731017  1.254843
884  0.269700  0.730802  0.730804  0.731018  1.254841
885  0.269699  0.730802  0.730804  0.731018  1.254839
886  0.269698  0.730803  0.730804  0.731018  1.254836
887  0.269697  0.730803  0.730805  0.731018  1.254834
888  0.269696  0.730803  0.730805  0.731018  1.254832
889  0.269695  0.730804  0.730805  0.731018  1.254829
890  0.269694  0.730804  0.730806  0.731018  1.254827
891  0.269693  0.730804  0.730806  0.731018  1.254825
892  0.269692  0.730805  0.730806  0.731018  1.254822
893  0.269691  0.730805  0.730806  0.731018  1.254820
894  0.269689  0.730805  0.730807  0.731018  1.254818
895  0.269689  0.730805  0.730807  0.731018  1.254816
896  0.269687  0.730806  0.730807  0.731018  1.254813
897  0.269686  0.730806  0.730807  0.731018  1.254811
898  0.269685  0.730806  0.730808  0.731018  1.254808
899  0.269684  0.730806  0.730808  0.731018  1.254806
900  0.269683  0.730807  0.730808  0.731018  1.254804
901  0.269682  0.730807  0.730808  0.731018  1.254802
902  0.269681  0.730807  0.730809  0.731018  1.254799
903  0.269680  0.730808  0.730809  0.731018  1.254797
904  0.269679  0.730808  0.730809  0.731018  1.254795
905  0.269678  0.730808  0.730810  0.731018  1.254793
906  0.269677  0.730809  0.730810  0.731019  1.254791
907  0.269677  0.730809  0.730810  0.731019  1.254788
908  0.269676  0.730809  0.730811  0.731019  1.254786
909  0.269675  0.730810  0.730811  0.731019  1.254784
910  0.269674  0.730810  0.730811  0.731019  1.254782
911  0.269673  0.730810  0.730812  0.731019  1.254780
912  0.269672  0.730811  0.730812  0.731019  1.254777
913  0.269670  0.730811  0.730812  0.731019  1.254775
914  0.269669  0.730811  0.730812  0.731019  1.254773
915  0.269668  0.730811  0.730813  0.731019  1.254771
916  0.269667  0.730812  0.730813  0.731019  1.254769
917  0.269666  0.730812  0.730813  0.731019  1.254766
918  0.269665  0.730812  0.730813  0.731019  1.254764
919  0.269664  0.730812  0.730814  0.731019  1.254762
920  0.269663  0.730812  0.730814  0.731019  1.254760
921  0.269662  0.730813  0.730814  0.731019  1.254758
922  0.269661  0.730813  0.730815  0.731019  1.254756
923  0.269661  0.730814  0.730815  0.731019  1.254753
924  0.269660  0.730814  0.730815  0.731019  1.254751
925  0.269659  0.730814  0.730816  0.731019  1.254749
926  0.269658  0.730814  0.730816  0.731019  1.254747
927  0.269657  0.730815  0.730816  0.731020  1.254745
928  0.269656  0.730815  0.730816  0.731020  1.254743
929  0.269655  0.730815  0.730817  0.731020  1.254741
930  0.269654  0.730815  0.730817  0.731020  1.254739
931  0.269653  0.730816  0.730817  0.731020  1.254736
932  0.269653  0.730816  0.730818  0.731020  1.254734
933  0.269652  0.730817  0.730818  0.731020  1.254732
934  0.269651  0.730817  0.730818  0.731020  1.254730
935  0.269651  0.730817  0.730819  0.731020  1.254728
936  0.269650  0.730818  0.730819  0.731020  1.254726
937  0.269649  0.730818  0.730819  0.731020  1.254724
938  0.269648  0.730818  0.730820  0.731020  1.254722
939  0.269647  0.730818  0.730820  0.731020  1.254720
940  0.269646  0.730819  0.730820  0.731020  1.254718
941  0.269645  0.730819  0.730820  0.731020  1.254716
942  0.269644  0.730819  0.730821  0.731020  1.254714
943  0.269644  0.730820  0.730821  0.731020  1.254712
944  0.269643  0.730820  0.730821  0.731020  1.254710
945  0.269642  0.730820  0.730822  0.731020  1.254708
946  0.269641  0.730821  0.730822  0.731020  1.254706
947  0.269640  0.730821  0.730822  0.731020  1.254704
948  0.269639  0.730821  0.730823  0.731020  1.254702
949  0.269639  0.730822  0.730823  0.731021  1.254700
950  0.269638  0.730822  0.730823  0.731021  1.254698
951  0.269637  0.730822  0.730823  0.731021  1.254696
952  0.269636  0.730822  0.730824  0.731021  1.254694
953  0.269635  0.730823  0.730824  0.731021  1.254692
954  0.269634  0.730823  0.730824  0.731021  1.254690
955  0.269634  0.730823  0.730825  0.731021  1.254688
956  0.269633  0.730823  0.730825  0.731021  1.254686
957  0.269632  0.730824  0.730825  0.731021  1.254684
958  0.269631  0.730824  0.730825  0.731021  1.254682
959  0.269630  0.730824  0.730826  0.731021  1.254680
960  0.269629  0.730825  0.730826  0.731021  1.254678
961  0.269628  0.730825  0.730826  0.731021  1.254676
962  0.269628  0.730825  0.730826  0.731021  1.254674
963  0.269627  0.730825  0.730827  0.731021  1.254672
964  0.269626  0.730826  0.730827  0.731021  1.254670
965  0.269625  0.730826  0.730827  0.731021  1.254668
966  0.269625  0.730826  0.730828  0.731021  1.254666
967  0.269624  0.730827  0.730828  0.731021  1.254664
968  0.269623  0.730827  0.730828  0.731021  1.254663
969  0.269622  0.730827  0.730828  0.731021  1.254661
970  0.269621  0.730827  0.730829  0.731021  1.254659
971  0.269621  0.730828  0.730829  0.731021  1.254657
972  0.269620  0.730828  0.730829  0.731021  1.254655
973  0.269619  0.730828  0.730829  0.731022  1.254653
974  0.269618  0.730829  0.730830  0.731022  1.254651
975  0.269617  0.730829  0.730830  0.731022  1.254649
976  0.269617  0.730829  0.730830  0.731022  1.254647
977  0.269616  0.730829  0.730831  0.731022  1.254646
978  0.269615  0.730830  0.730831  0.731022  1.254644
979  0.269614  0.730830  0.730831  0.731022  1.254642
980  0.269613  0.730830  0.730831  0.731022  1.254640
981  0.269613  0.730830  0.730832  0.731022  1.254638
982  0.269612  0.730831  0.730832  0.731022  1.254636
983  0.269611  0.730831  0.730832  0.731022  1.254634
984  0.269610  0.730831  0.730832  0.731022  1.254632
985  0.269609  0.730831  0.730833  0.731022  1.254631
986  0.269609  0.730832  0.730833  0.731022  1.254629
987  0.269608  0.730832  0.730833  0.731022  1.254627
988  0.269607  0.730832  0.730833  0.731022  1.254625
989  0.269606  0.730833  0.730834  0.731022  1.254623
990  0.269605  0.730833  0.730834  0.731022  1.254621
991  0.269605  0.730833  0.730834  0.731022  1.254620
992  0.269604  0.730833  0.730834  0.731022  1.254618
993  0.269603  0.730834  0.730835  0.731022  1.254616
994  0.269603  0.730834  0.730835  0.731022  1.254614
995  0.269602  0.730834  0.730835  0.731022  1.254612
996  0.269601  0.730834  0.730835  0.731022  1.254611
997  0.269600  0.730835  0.730836  0.731023  1.254609
998  0.269600  0.730835  0.730836  0.731023  1.254607
999  0.269599  0.730835  0.730836  0.731023  1.254605
